[(8778, 984), (8833, 1010), (8930, 942), (8971, 882), (9033, 815), (9074, 721), (9239, 611)]
[(8737, 602), (8772, 526), (8813, 458), (8840, 390), (8861, 356), (8895, 280), (8847, 356)]
[(8188, 203), (8181, 263), (8174, 331), (8174, 399), (8174, 441), (8181, 500), (8201, 662)]
[(7034, 161), (7047, 297), (7047, 322), (7041, 475), (7041, 526), (7027, 696), (7013, 738)]
[(5728, 212), (5728, 263), (5728, 331), (5728, 458), (5728, 509), (5728, 568), (5728, 619)]
[(4286, 220), (4286, 322), (4286, 339), (4272, 424), (4272, 432), (4272, 483), (4265, 526)]
[(3173, 297), (3187, 365), (3187, 373), (3187, 475), (3187, 568), (3187, 577), (3173, 823)]
[(2177, 645), (2198, 696), (2211, 747), (2218, 849), (2232, 933), (2232, 967), (2232, 1137)]
[(1428, 1231), (1518, 1341), (1524, 1358), (1545, 1417), (1566, 1477), (1579, 1502), (1600, 1545)]
[(693, 2207), (748, 2241), (789, 2300), (824, 2351), (879, 2436), (906, 2470), (982, 2538)]
[(350, 3345), (480, 3379), (487, 3379), (542, 3446), (638, 3480), (680, 3480), (755, 3506)]
[(528, 4491), (693, 4465), (693, 4465), (776, 4457), (858, 4482), (913, 4491), (570, 4508)]
[(844, 5433), (913, 5416), (941, 5408), (996, 5408), (1064, 5391), (1119, 5391), (1140, 5391)]
[(1325, 6180), (1366, 6180), (1435, 6189), (1463, 6180), (1586, 6155), (1579, 6155), (1634, 6078)]
[(2067, 6851), (2095, 6808), (2150, 6766), (2177, 6724), (2184, 6681), (2246, 6613), (2259, 6579)]
[(3331, 6842), (3317, 6885), (3290, 6970), (3276, 6987), (3256, 7072), (3269, 7140), (3331, 7191)]
[(4616, 6902), (4588, 6970), (4581, 7021), (4581, 7106), (4581, 7148), (4581, 7208), (4568, 7258)]
[(5522, 6919), (5550, 7004), (5550, 7038), (5502, 7080), (5495, 7131), (5495, 7174), (5502, 7233)]
[(6134, 6724), (6209, 6800), (6251, 6876), (6340, 6910), (6003, 6664), (6134, 6741), (6299, 6783)]
[(6058, 5993), (6120, 5993), (6230, 5976), (6285, 5976), (6347, 5985), (6402, 6002), (6429, 5917)]
[(5825, 5408), (5770, 5501), (5742, 5526), (5728, 5577), (5722, 5594), (5674, 5696), (5660, 5764)]
[(4732, 5476), (4774, 5586), (4753, 5620), (4739, 5654), (4732, 5722), (4732, 5790), (4726, 5849)]
[(3757, 5510), (3757, 5535), (3736, 5603), (3736, 5662), (3743, 5730), (3736, 5781), (3743, 5892)]
[(2919, 5510), (2919, 5586), (2919, 5654), (2912, 5696), (2898, 5730), (2878, 5773), (2843, 5807)]
[(2225, 5221), (2266, 5204), (2335, 5170), (2369, 5153), (2390, 5119), (2507, 5085), (2569, 5009)]
[(2376, 4278), (2452, 4355), (2459, 4355), (2521, 4355), (2569, 4355), (2617, 4397), (2651, 4448)]
[(3214, 4066), (3228, 4151), (3207, 4253), (3207, 4253), (3228, 4338), (3235, 4372), (3201, 4448)]
[(4128, 4066), (4128, 4109), (4121, 4211), (4100, 4253), (4114, 4338), (4142, 4423), (4142, 4533)]
[(5055, 4117), (5055, 4134), (5042, 4228), (5035, 4253), (5028, 4329), (5028, 4406), (5069, 4491)]
[(5694, 4075), (5680, 4143), (5701, 4270), (5708, 4278), (5742, 4321), (5742, 4414), (5783, 4516)]
[(6148, 3761), (6216, 3837), (6223, 3862), (6271, 3854), (6299, 3837), (6340, 3837), (6409, 3828)]
[(5914, 3200), (5969, 3124), (6038, 3098), (6120, 3073), (6168, 3047), (6216, 3039), (6299, 3013), (6347, 3005)]
[(5536, 2682), (5509, 2725), (5495, 2767), (5440, 2818), (5433, 2818), (5433, 2852), (5419, 2988)]
[(4884, 2640), (4849, 2674), (4835, 2725), (4808, 2742), (4787, 2793), (4746, 2818), (4691, 2878)]
[(4313, 2088), (4368, 2071), (4382, 2063), (4499, 2105), (4513, 2105), (4568, 2097), (4664, 2130)]
[(4643, 1358), (4671, 1358), (4760, 1400), (4801, 1460), (4849, 1502), (4884, 1528), (4945, 1587)]
[(5770, 1256), (5770, 1290), (5770, 1366), (5770, 1434), (5770, 1477), (5756, 1553), (5756, 1604)]
[(6525, 1205), (6532, 1375), (6532, 1400), (6532, 1485), (6532, 1596), (6532, 1630), (6560, 1731)]
[(7357, 1239), (7336, 1298), (7322, 1417), (7281, 1519), (7274, 1570), (7253, 1689), (7267, 1757)]
[(7590, 2181), (7666, 2122), (7700, 2105), (7748, 2105), (7796, 2088), (7872, 2071), (7714, 2122)]
[(7363, 3098), (7480, 3107), (7501, 3107), (7624, 3141), (7693, 3158), (7776, 3141), (7858, 3115)]
[(7363, 4304), (7411, 4304), (7487, 4287), (7631, 4321), (7686, 4338), (7769, 4321), (7844, 4295)]
[(7418, 5399), (7473, 5391), (7542, 5374), (7604, 5348), (7693, 5340), (7837, 5323), (7844, 5323)]
[(7521, 6443), (7563, 6443), (7624, 6443), (7727, 6435), (7782, 6435), (7872, 6443), (7927, 6435)]
[(7879, 7157), (7913, 7148), (7954, 7089), (7975, 7080), (8023, 7046), (8050, 6987), (8092, 6885)]
[(8689, 6792), (8723, 6800), (8717, 6885), (8717, 6944), (8772, 6978), (8778, 6995), (8820, 7046)]
[(8978, 6189), (9039, 6248), (9088, 6265), (9163, 6248), (9246, 6240), (9294, 6223), (9369, 6223)]
[(8868, 5153), (8881, 5144), (9005, 5136), (9033, 5136), (9156, 5144), (9218, 5127), (9355, 5127)]
[(8813, 4024), (8888, 4007), (8964, 4007), (9026, 4041), (9101, 4049), (9170, 4058), (9287, 4058)]
[(8881, 3294), (8902, 3294), (9033, 3285), (9184, 3302), (9225, 3302), (9369, 3302), (9184, 3311)]
[(8772, 2258), (8833, 2258), (8916, 2300), (8964, 2309), (9046, 2309), (9115, 2317), (9307, 2309)]
[(8744, 1698), (8820, 1698), (8930, 1681), (9019, 1689), (9149, 1698), (9266, 1706), (9349, 1689)]
